"Status","Start Time","Stop Time","Duration in ms","Parent Suite","Suite","Sub Suite","Test Class","Test Method","Name","Description"
"passed","Mon Mar 27 15:44:59 GMT 2023","Mon Mar 27 15:44:59 GMT 2023","117","test","test_hootel","TestHotel","","","test_open",""
"passed","Mon Mar 27 15:45:02 GMT 2023","Mon Mar 27 15:45:03 GMT 2023","1272","test","test_hootel","TestHotel","","","test_login",""
